0.091
0.090
0.092
0.091
0.088
0.086
0.094
0.138
0.089
0.087
0.091
0.090
0.087
0.087
0.092
0.086
0.089
0.088
0.088
0.089
0.089
0.088
0.086
0.083
0.090
0.096
0.089
0.090
0.085
0.090
0.083
0.086
0.085
0.086
0.089
0.094
0.087
0.085
0.087
0.089
0.087
0.088
0.090
0.086
0.090
0.088
0.093
0.089
0.091
0.084
0.090
0.091
0.090
0.091
0.092
0.093
0.092
0.088
0.090
0.087
0.088
0.085
0.087
0.092
0.091
0.093
0.090
0.089
0.086
0.085
0.085
0.082
0.094
0.090
0.087
0.085
0.086
0.093
0.086
0.083
0.090
0.088
0.086
0.083
0.089
0.088
0.088
0.092
0.086
0.084
0.086
0.090
0.088
0.091
0.094
0.085
0.087
0.085
0.094
0.086
0.086
0.089
0.085
0.089
0.089
0.091
0.089
0.088
0.087
0.089
0.089
0.085
0.089
0.089
0.086
0.085
0.084
0.089
0.092
0.090
0.087
0.084
0.085
0.089
0.088
0.089
0.090
0.090
0.092
0.089
0.085
0.085
0.086
0.087
0.090
0.084
0.087
0.085
0.088
0.089
0.094
0.086
0.086
0.089
0.087
0.085
0.087
0.088
0.083
0.091
0.089
0.084
0.090
0.087
0.084
0.086
0.082
0.088
0.087
0.087
0.089
0.094
0.090
0.083
0.085
0.087
0.089
0.086
0.088
0.093
0.090
0.092
0.085
0.083
0.087
0.091
0.087
0.090
0.089
0.084
0.086
0.092
0.087
0.091
0.093
0.090
0.090
0.088
0.091
0.089
0.089
0.087
0.093
0.083
0.085
0.089
0.087
0.083
0.083
0.086
0.089
0.087
0.092
0.086
0.087
0.086
0.085
0.086
0.089
0.090
0.089
0.084
0.087
0.090
0.089
0.088
0.086
0.092
0.089
0.086
0.086
0.090
0.089
0.087
0.087
0.086
0.083
0.085
0.086
0.088
0.090
0.086
0.084
0.089
0.093
0.086
0.089
0.087
0.084
0.083
0.089
0.090
0.088
0.085
0.092
0.091
0.084
0.085
0.087
0.091
0.087
0.089
0.086
0.085
0.089
0.091
0.089
0.087
0.086
0.084
0.083
0.088
0.093
0.090
0.089
0.128
0.090
0.089
0.086
0.087
0.091
0.089
0.089
0.089
0.094
0.097
0.085
0.086
0.089
0.085
0.083
0.087
0.090
0.091
0.090
0.090
0.092
0.089
0.089
0.087
0.084
0.087
0.093
0.091
0.087
0.090
0.089
0.093
0.083
0.083
0.088
0.087
0.085
0.090
0.085
0.087
0.087
0.086
0.089
0.084
0.083
0.084
0.088
0.088
0.086
0.082
0.086
0.091
0.090
0.088
0.087
0.088
0.085
0.084
0.091
0.088
0.087
0.086
0.095
0.085
0.086
0.088
0.090
0.088
0.090
0.089
0.088
0.090
0.091
0.088
0.086
0.085
0.088
0.085
0.086
0.090
0.083
0.086
0.093
0.092
0.088
0.089
0.085
0.087
0.085
0.087
0.090
0.087
0.162
0.092
0.087
0.084
0.085
0.085
0.085
0.088
0.085
0.084
0.090
0.090
0.087
0.088
0.088
0.089
0.083
0.083
0.089
0.089
0.086
0.097
0.086
0.085
0.113
0.086
0.088
0.088
0.087
0.084
0.090
0.091
0.089
0.090
0.085
0.087
0.087
0.084
0.088
0.090
0.089
0.090
0.091
0.089
0.088
0.102
0.096
0.093
0.095
0.094
0.086
0.089
0.088
0.086
0.086
0.088
0.088
0.090
0.088
0.089
0.088
0.089
0.095
0.083
0.090
0.087
0.085
0.089
0.086
0.086
0.088
0.091
0.090
0.088
0.086
0.092
0.086
0.090
0.084
0.088
0.085
0.090
0.088
0.094
0.091
0.087
0.090
0.092
0.089
0.089
0.085
0.084
0.089
0.092
0.089
0.090
0.085
0.083
0.083
0.092
0.090
0.088
0.085
0.087
0.093
0.084
0.085
0.086
0.088
0.089
0.087
0.086
0.085
0.093
0.090
0.089
0.088
0.093
0.093
0.088
0.089
0.091
0.091
0.089
0.084
0.100
0.086
0.087
0.085
0.086
0.091
0.089
0.090
0.086
0.088
0.092
0.085
0.086
0.085
0.118
0.086
0.085
0.088
0.087
0.087
0.096
0.090
0.089
0.085
0.084
0.088
0.086
0.090
0.085
0.089
0.086
0.091
0.084
0.087
0.085
0.089
0.083
0.084
0.085
0.089
0.086
0.087
0.088
0.086
0.087
0.092
0.087
0.090
0.092
0.089
0.087
0.089
0.092
0.086
0.091
0.092
0.086
0.091
0.092
0.094
0.087
0.092
0.091
0.087
0.086
0.082
0.085
0.089
0.085
0.090
0.087
0.088
0.089
0.088
0.086
0.093
0.092
0.088
0.090
0.096
0.166
0.111
0.109
0.090
0.095
0.093
0.100
0.105
0.104
0.091
0.098
0.113
0.094
0.095
0.096
0.093
0.087
0.092
0.090
0.088
0.099
0.134
0.113
0.105
0.092
0.091
0.115
0.108
0.105
0.149
0.102
0.106
0.101
0.091
0.101
0.112
0.090
0.102
0.119
0.124
0.097
0.110
0.102
0.179
0.100
0.097
0.102
0.099
0.088
0.091
0.091
0.129
0.108
0.101
0.093
0.103
0.109
0.090
0.111
0.106
0.089
0.107
0.101
0.096
0.113
0.095
0.098
0.124
0.110
0.114
0.104
0.100
0.111
0.095
0.101
0.098
0.093
0.095
0.143
0.107
0.104
0.103
0.095
0.101
0.098
0.098
0.097
0.096
0.097
0.100
0.099
0.098
0.103
0.097
0.100
0.110
0.096
0.104
0.103
0.096
0.104
0.104
0.089
0.098
0.096
0.098
0.101
0.105
0.100
0.108
0.146
0.101
0.102
0.089
0.093
0.104
0.102
0.102
0.099
0.096
0.093
0.101
0.099
0.095
0.102
0.099
0.096
0.099
0.107
0.090
0.097
0.097
0.097
0.097
0.098
0.109
0.095
0.125
0.098
0.096
0.110
0.117
0.108
0.104
0.103
0.087
0.098
0.103
0.087
0.095
0.108
0.090
0.094
0.112
0.099
0.088
0.100
0.102
0.089
0.101
0.138
0.096
0.105
0.108
0.095
0.098
0.106
0.097
0.096
0.104
0.096
0.094
0.105
0.098
0.093
0.098
0.103
0.094
0.102
0.106
0.097
0.095
0.104
0.098
0.094
0.103
0.107
0.096
0.097
0.101
0.106
0.092
0.103
0.107
0.094
0.101
0.105
0.099
0.103
0.111
0.093
0.099
0.104
0.096
0.090
0.104
0.099
0.097
0.105
0.100
0.091
0.097
0.100
0.096
0.094
0.102
0.103
0.099
0.096
0.100
0.102
0.086
0.099
0.102
0.098
0.100
0.098
0.101
0.100
0.097
0.092
0.094
0.108
0.114
0.103
0.096
0.102
0.095
0.096
0.088
0.093
0.095
0.100
0.102
0.210
0.100
0.093
0.094
0.092
0.094
0.092
0.096
0.087
0.091
0.091
0.088
0.086
0.093
0.097
0.089
0.088
0.084
0.085
0.086
0.089
0.089
0.086
0.086
0.086
0.088
0.088
0.093
0.088
0.091
0.090
0.091
0.090
0.091
0.086
0.089
0.097
0.093
0.102
0.098
0.105
0.092
0.088
0.086
0.099
0.102
0.111
0.095
0.096
0.101
0.092
0.089
0.088
0.100
0.100
0.103
0.088
0.105
0.106
0.104
0.104
0.096
0.099
0.098
0.092
0.091
0.093
0.098
0.093
0.094
0.094
0.087
0.093
0.087
0.089
0.100
0.107
0.110
0.106
0.098
0.107
0.106
0.095
0.104
0.108
0.103
0.104
0.100
0.112
0.114
0.108
0.116
0.102
0.101
0.098
0.104
0.110
0.099
0.091
0.100
0.110
0.118
0.111
0.118
0.127
0.172
0.130
0.112
0.108
0.101
0.097
0.110
0.123
0.099
0.103
0.112
0.115
0.120
0.108
0.349
0.097
0.085
0.089
0.103
0.096
0.091
0.099
0.102
0.094
0.097
0.097
0.091
0.092
0.094
0.094
0.088
0.091
0.098
0.098
0.101
0.100
0.096
0.090
0.094
0.090
0.090
0.105
0.100
0.096
0.085
0.086
0.098
0.098
0.101
0.092
0.099
0.107
0.096
0.091
0.108
0.099
0.092
0.089
0.092
0.091
0.093
0.095
0.100
0.103
0.097
0.094
0.101
0.119
0.098
0.091
0.098
0.095
0.099
0.091
0.106
0.096
0.095
0.091
0.088
0.097
0.099
0.099
0.091
0.102
0.100
0.089
0.091
0.089
0.087
0.094
0.092
0.094
0.092
0.089
0.087
0.088
0.101
0.101
0.097
0.098
0.092
0.088
0.094
0.087
0.088
0.091
0.089
0.095
0.090
0.095
0.091
0.094
0.091
0.090
0.089
0.091
0.093
0.087
0.092
0.095
0.091
0.094
0.088
0.094
0.091
0.096
0.089
0.089
0.094
0.126
0.108
0.110
0.103
0.093
0.106
0.104
0.096
0.101
0.099
0.094
0.095
0.095
0.092
0.094
0.097
0.094
0.100
0.096
0.115
0.099
0.094
0.091
0.112
0.105
0.096
0.111
0.131
0.115
0.094
0.095
0.102
0.092
0.093
0.094
0.091
0.105
0.112
0.100
0.090
0.091
0.088
0.094
0.096
0.100
0.105
0.097
0.090
0.092
0.093
0.100
0.099
0.094
0.090
0.115
0.103
0.090
0.087
0.095
0.088
0.089
0.090
0.094
0.085
0.093
0.091
0.086
0.091
0.097
0.090
0.092
0.097
0.130
0.097
0.102
0.090
0.093
0.101
0.102
0.093
0.085
0.099
0.100
0.094
0.095
0.089
0.095
0.098
0.102
0.091
0.091
0.099
0.100
0.095
0.094
0.103
0.102
0.091
0.097
0.109
0.100
0.094
0.104
0.104
0.092
0.100
0.099
0.092
0.098
0.102
0.097
0.096
0.108
0.098
0.090
0.155
0.101
0.092
0.103
0.102
0.091
0.099
0.102
0.095
0.094
0.089
0.104
0.104
0.085
0.089
0.100
0.129
0.092
0.090
0.100
0.101
0.089
0.096
0.106
0.097
0.092
0.102
0.095
0.094
0.089
0.093
0.087
0.096
0.097
0.103
0.098
0.083
0.098
0.100
0.094
0.093
0.099
0.100
0.092
0.100
0.103
0.098
0.090
0.103
0.099
0.095
0.095
0.101
0.098
0.094
0.100
0.101
0.089
0.090
0.103
0.098
0.091
0.101
0.099
0.097
0.092
0.102
0.100
0.088
0.098
0.111
0.103
0.095
0.102
0.100
0.090
0.106
0.109
0.096
0.097
0.109
0.097
0.095
0.105
0.103
0.090
0.097
0.107
0.099
0.088
0.107
0.098
0.090
0.092
0.092
0.086
0.097
0.100
0.095
0.094
0.092
0.094
0.101
0.099
0.088
0.095
0.088
0.097
0.100
0.099
0.089
0.089
0.092
0.099
0.105
0.094
0.096
0.148
0.103
0.087
0.091
0.121
0.098
0.094
0.097
0.089
0.092
0.092
0.090
0.093
0.138
0.088
0.089
0.095
0.088
0.100
0.087
0.102
0.090
0.087
0.086
0.090
0.090
0.091
0.100
0.104
0.107
0.099
0.102
0.109
0.092
0.100
0.100
0.102
0.087
0.088
0.105
0.113
0.091
0.095
0.102
0.097
0.095
0.105
0.111
0.100
0.099
0.109
0.099
0.099
0.116
0.104
0.106
0.107
0.101
0.095
0.108
0.102
0.099
0.105
0.105
0.092
0.106
0.103
0.093
0.100
0.101
0.098
0.094
0.108
0.097
0.096
0.104
0.102
0.094
0.104
0.107
0.092
0.100
0.103
0.099
0.096
0.107
0.103
0.093
0.102
0.105
0.156
0.106
0.119
0.097
0.115
0.100
0.101
0.105
0.109
0.094
0.109
0.108
0.100
0.103
0.099
0.093
0.103
0.100
0.094
0.097
0.096
0.097
0.100
0.096
0.094
0.086
0.088
0.091
0.090
0.101
0.105
0.090
0.089
0.091
0.096
0.109
0.102
0.096
0.093
0.111
0.101
0.095
0.094
0.103
0.097
0.089
0.104
0.107
0.096
0.094
0.093
0.096
0.108
0.103
0.091
0.101
0.098
0.102
0.109
0.101
0.090
0.095
0.093
0.096
0.110
0.099
0.094
0.095
0.096
0.104
0.105
0.100
0.100
0.092
0.092
0.096
0.106
0.100
0.091
0.089
0.092
0.099
0.103
0.095
0.089
0.094
0.103
0.113
0.108
0.100
0.106
0.100
0.093
0.085
0.097
0.095
0.093
0.098
0.093
0.092
0.093
0.095
0.103
0.099
0.096
0.090
0.093
0.095
0.097
0.098
0.103
0.166
0.124
0.109
0.093
0.091
0.100
0.097
0.091
0.096
0.099
0.093
0.369
0.092
0.098
0.089
0.091
0.097
0.092
0.104
0.100
0.092
0.095
0.098
0.095
0.100
0.096
0.094
0.096
0.103
0.101
0.102
0.090
0.091
0.092
0.088
0.100
0.099
0.087
0.096
0.093
0.096
0.091
0.088
0.090
0.092
0.094
0.099
0.098
0.098
0.087
0.088
0.089
0.091
0.096
0.089
0.093
0.087
0.089
0.093
0.088
0.085
0.088
0.090
0.088
0.090
0.093
0.089
0.089
0.095
0.091
0.090
0.087
0.084
0.084
0.092
0.092
0.085
0.091
0.089
0.090
0.090
0.091
0.086
0.088
0.087
0.091
0.088
0.086
0.089
0.093
0.089
0.084
0.086
0.087
0.087
0.087
0.089
0.082
0.089
0.095
0.095
0.086
0.091
0.093
0.087
0.092
0.094
0.092
0.090
0.094
0.093
0.087
0.090
0.085
0.084
0.087
0.091
0.086
0.091
0.093
0.095
0.089
0.089
0.083
0.088
0.089
0.087
0.090
0.089
0.087
0.093
0.091
0.092
0.086
0.087
0.090
0.085
0.089
0.093
0.094
0.097
0.091
0.089
0.088
0.084
0.088
0.085
0.088
0.094
0.093
0.089
0.091
0.087
0.085
0.089
0.086
0.085
0.092
0.088
0.090
0.092
0.094
0.089
0.091
0.089
0.085
0.085
0.089
0.091
0.090
0.090
0.086
0.086
0.085
0.089
0.091
0.145
0.087
0.084
0.093
0.089
0.095
0.094
0.086
0.089
0.089
0.092
0.091
0.091
0.089
0.090
0.090
0.094
0.086
0.085
0.087
0.088
0.090
0.087
0.090
0.091
0.092
0.091
0.090
0.085
0.084
0.088
0.085
0.091
0.091
0.089
0.090
0.094
0.085
0.084
0.088
0.089
0.093
0.089
0.091
0.089
0.087
0.086
0.094
0.084
0.087
0.087
0.092
0.089
0.085
0.088
0.083
0.086
0.093
0.091
0.089
0.088
0.084
0.086
0.088
0.090
0.089
0.096
0.096
0.088
0.085
0.085
0.087
0.087
0.086
0.086
0.090
0.093
0.091
0.091
0.087
0.088
0.083
0.089
0.086
0.091
0.092
0.088
0.087
0.095
0.092
0.085
0.088
0.087
0.087
0.091
0.090
0.089
0.086
0.086
0.096
0.096
0.085
0.090
0.084
0.086
0.088
0.093
0.086
0.087
0.090
0.083
0.084
0.092
0.090
0.087
0.112
0.084
0.086
0.089
0.089
0.091
0.083
0.085
0.087
0.088
0.090
0.090
0.089
0.087
0.087
0.091
0.088
0.086
0.092
0.088
0.089
0.091
0.093
0.089
0.091
0.093
0.090
0.087
0.083
0.090
0.092
0.087
0.090
0.089
0.087
0.090
0.087
0.087
0.088
0.090
0.085
0.089
0.091
0.091
0.086
0.092
0.094
0.088
0.092
0.083
0.089
0.086
0.092
0.095
0.094
0.098
0.106
0.089
0.094
0.085
0.091
0.088
0.085
0.089
0.088
0.091
0.093
0.092
0.087
0.084
0.089
0.087
0.086
0.092
0.090
0.086
0.091
0.092
0.088
0.084
0.091
0.086
0.089
0.092
0.090
0.093
0.094
0.090
0.089
0.086
0.089
0.087
0.084
0.089
0.091
0.086
0.089
0.094
0.084
0.086
0.088
0.086
0.089
0.089
0.088
0.084
0.085
0.092
0.087
0.088
0.093
0.085
0.089
0.084
0.087
0.093
0.091
0.088
0.095
0.090
0.087
0.091
0.088
0.088
0.084
0.091
0.091
0.089
0.094
0.088
0.088
0.087
0.085
0.086
0.090
0.090
0.088
0.090
0.094
0.092
0.089
0.087
0.091
0.083
0.085
0.090
0.095
0.092
0.087
0.092
0.092
0.088
0.087
0.087
0.086
0.091
0.092
0.087
0.087
0.097
0.095
0.090
0.092
0.087
0.088
0.085
0.089
0.089
0.089
0.093
0.095
0.090
0.089
0.092
0.089
0.093
0.090
0.091
0.092
0.089
0.093
0.088
0.083
0.088
0.088
0.088
0.089
0.093
0.086
0.085
0.090
0.090
0.088
0.092
0.090
0.090
0.093
0.089
0.090
0.090
0.089
0.089
0.093
0.088
0.084
0.092
0.090
0.088
0.093
0.089
0.096
0.094
0.088
0.088
0.087
0.096
0.089
0.086
0.089
0.087
0.084
0.096
0.089
0.088
0.090
0.088
0.091
0.091
0.091
0.084
0.124
0.145
0.090
0.090
0.091
0.087
0.088
0.136
0.092
0.091
0.092
0.091
0.088
0.089
0.088
0.085
0.089
0.089
0.089
0.091
0.090
0.093
0.087
0.084
0.086
0.092
0.088
0.093
0.093
0.087
0.092
0.095
0.093
0.087
0.084
0.085
0.088
0.089
0.089
0.086
0.089
0.089
0.089
0.086
0.089
0.087
0.091
0.085
0.087
0.087
0.086
0.091
0.094
0.086
0.087
0.089
0.088
0.090
0.089
0.088
0.091
0.087
0.092
0.083
0.086
0.087
0.091
0.087
0.086
0.086
0.088
0.089
0.093
0.092
0.091
0.092
0.087
0.091
0.088
0.090
0.128
0.094
0.086
0.085
0.088
0.088
0.087
0.089
0.089
0.088
0.084
0.086
0.094
0.089
0.088
0.087
0.088
0.093
0.089
0.086
0.087
0.089
0.328
0.089
0.093
0.094
0.092
0.089
0.082
0.095
0.094
0.089
0.087
0.085
0.091
0.089
0.085
0.086
0.089
0.087
0.085
0.088
0.087
0.085
0.083
0.091
0.090
0.088
0.089
0.083
0.085
0.092
0.097
0.096
0.086
0.085
0.088
0.089
0.090
0.087
0.089
0.091
0.092
0.085
0.086
0.090
0.091
0.086
0.089
0.087
0.086
0.088
0.095
0.097
0.086
0.083
0.086
0.085
0.087
0.089
0.085
0.085
0.092
0.088
0.085
0.090
0.088
0.086
0.083
0.088
0.091
0.086
0.094
0.092
0.089
0.086
0.086
0.084
0.087
0.089
0.090
0.088
0.088
0.093
0.088
0.087
0.087
0.091
0.087
0.089
0.091
0.090
0.095
0.091
0.089
0.092
0.085
0.084
0.085
0.088
0.086
0.085
0.086
0.086
0.092
0.090
0.093
0.089
0.087
0.088
0.090
0.085
0.085
0.089
0.092
0.090
0.087
0.087
0.085
0.085
0.088
0.088
0.088
0.086
0.089
0.090
0.088
0.083
0.116
0.088
0.085
0.088
0.088
0.086
0.090
0.089
0.086
0.092
0.089
0.085
0.086
0.093
0.086
0.089
0.090
0.089
0.087
0.085
0.088
0.087
0.086
0.089
0.087
0.087
0.086
0.085
0.092
0.089
0.088
0.085
0.087
0.087
0.086
0.089
0.088
0.088
0.089
0.088
0.092
0.093
0.089
0.087
0.087
0.095
0.088
0.086
0.089
0.089
0.086
0.087
0.089
0.090
0.090
0.089
0.094
0.088
0.088
0.088
0.085
0.088
0.088
0.087
0.087
0.084
0.090
0.085
0.089
0.090
0.093
0.087
0.085
0.087
0.085
0.090
0.089
0.089
0.088
0.089
0.097
0.088
0.086
0.085
0.087
0.086
0.087
0.088
0.084
0.087
0.088
0.091
0.091
0.086
0.089
0.087
0.087
0.086
0.087
0.088
0.094
0.092
0.093
0.092
0.092
0.089
0.089
0.088
0.089
0.086
0.086
0.087
0.088
0.092
0.097
0.113
0.085
0.086
0.093
0.086
0.087
0.088
0.091
0.092
0.087
0.090
0.085
0.086
0.090
0.089
0.089
0.092
0.089
0.087
0.086
0.083
0.085
0.089
0.089
0.086
0.085
0.084
0.087
0.089
0.092
0.086
0.092
0.085
0.090
0.086
0.084
0.090
0.093
0.094
0.088
0.090
0.087
0.090
0.085
0.088
0.088
0.087
0.091
0.092
0.089
0.087
0.086
0.086
0.088
0.086
0.090
0.085
0.088
0.092
0.092
0.089
0.089
0.085
0.085
0.090
0.091
0.087
0.088
