0.222
0.183
0.180
0.183
0.178
0.187
0.180
0.180
0.175
0.178
0.178
0.176
0.177
0.184
0.173
0.176
0.178
0.177
0.177
0.180
0.177
0.178
0.177
0.182
0.177
0.176
0.180
0.176
0.176
0.177
0.185
0.178
0.176
0.180
0.177
0.183
0.177
0.177
0.176
0.175
0.182
0.177
0.177
0.180
0.175
0.180
0.178
0.179
0.178
0.179
0.178
0.175
0.180
0.180
0.176
0.176
0.178
0.177
0.177
0.178
0.176
0.176
0.176
0.175
0.177
0.177
0.205
0.246
0.180
0.181
0.177
0.178
0.178
0.178
0.181
0.206
0.190
0.202
0.181
0.197
0.180
0.194
0.198
0.183
0.194
0.186
0.197
0.200
0.180
0.195
0.188
0.191
0.184
0.176
0.181
0.179
0.181
0.179
0.181
0.186
0.185
0.187
0.186
0.188
0.184
0.184
0.189
0.185
0.183
0.182
0.178
0.184
0.187
0.180
0.176
0.178
0.178
0.186
0.179
0.180
0.182
0.177
0.178
0.183
0.181
0.181
0.185
0.186
0.190
0.184
0.185
0.190
0.185
0.185
0.193
0.185
0.193
0.187
0.188
0.189
0.187
0.188
0.189
0.185
0.188
0.183
0.179
0.182
0.177
0.179
0.179
0.178
0.177
0.180
0.176
0.181
0.179
0.178
0.175
0.175
0.178
0.184
0.181
0.179
0.180
0.176
0.182
0.183
0.185
0.189
0.183
0.178
0.182
0.178
0.180
0.178
0.176
0.180
0.177
0.181
0.181
0.179
0.177
0.178
0.180
0.181
0.178
0.177
0.181
0.182
0.177
0.178
0.178
0.176
0.187
0.182
0.179
0.181
0.178
0.176
0.184
0.183
0.186
0.188
0.183
0.186
0.179
0.178
0.181
0.182
0.178
0.182
0.180
0.175
0.181
0.177
0.182
0.184
0.183
0.182
0.180
0.176
0.177
0.180
0.178
0.177
0.179
0.180
0.180
0.178
0.179
0.176
0.178
0.180
0.176
0.176
0.187
0.186
0.183
0.181
0.183
0.179
0.179
0.177
0.181
0.189
0.186
0.199
0.183
0.196
0.180
0.179
0.195
0.195
0.179
0.199
0.180
0.190
0.181
0.195
0.206
0.182
0.183
0.194
0.180
0.184
0.186
0.178
0.191
0.189
0.199
0.184
0.178
0.178
0.177
0.179
0.183
0.182
0.184
0.181
0.180
0.180
0.181
0.178
0.179
0.178
0.179
0.181
0.178
0.184
0.178
0.177
0.185
0.189
0.189
0.189
0.180
0.179
0.179
0.179
0.179
0.185
0.178
0.178
0.181
0.180
0.176
0.180
0.180
0.183
0.182
0.178
0.180
0.179
0.177
0.180
0.179
0.177
0.178
0.176
0.177
0.182
0.176
0.177
0.176
0.181
0.186
0.187
0.191
0.186
0.184
0.186
0.189
0.186
0.188
0.189
0.182
0.182
0.180
0.178
0.180
0.179
0.183
0.181
0.176
0.180
0.179
0.180
0.181
0.178
0.177
0.180
0.176
0.181
0.180
0.180
0.181
0.179
0.180
0.182
0.178
0.179
0.185
0.180
0.179
0.181
0.178
0.176
0.185
0.181
0.183
0.180
0.179
0.184
0.182
0.180
0.184
0.179
0.182
0.178
0.181
0.179
0.182
0.179
0.181
0.198
0.199
0.184
0.180
0.182
0.189
0.181
0.180
0.177
0.177
0.179
0.176
0.176
0.181
0.175
0.175
0.176
0.177
0.177
0.177
0.175
0.177
0.174
0.175
0.177
0.174
0.176
0.177
0.176
0.175
0.179
0.176
0.176
0.176
0.176
0.176
0.181
0.176
0.177
0.176
0.177
0.178
0.177
0.176
0.176
0.177
0.177
0.180
0.176
0.174
0.181
0.176
0.183
0.184
0.177
0.177
0.176
0.176
0.178
0.176
0.180
0.180
0.177
0.178
0.179
0.177
0.177
0.177
0.177
0.177
0.174
0.178
0.176
0.178
0.176
0.178
0.177
0.176
0.177
0.175
0.179
0.177
0.175
0.187
0.177
0.175
0.180
0.177
0.178
0.179
0.179
0.179
0.182
0.177
0.180
0.176
0.176
0.178
0.180
0.178
0.181
0.178
0.176
0.180
0.179
0.176
0.178
0.178
0.178
0.178
0.179
0.181
0.179
0.179
0.182
0.180
0.180
0.181
0.181
0.183
0.186
0.181
0.186
0.184
0.182
0.188
0.182
0.184
0.185
0.182
0.183
0.182
0.179
0.180
0.180
0.177
0.179
0.179
0.177
0.180
0.179
0.178
0.180
0.181
0.182
0.179
0.263
0.185
0.179
0.181
0.188
0.181
0.181
0.181
0.180
0.181
0.180
0.180
0.182
0.180
0.180
0.177
0.177
0.185
0.180
0.179
0.182
0.180
0.177
0.180
0.179
0.176
0.175
0.176
0.177
0.178
0.177
0.177
0.177
0.175
0.177
0.178
0.178
0.181
0.177
0.178
0.179
0.177
0.176
0.176
0.180
0.181
0.179
0.177
0.179
0.177
0.179
0.180
0.177
0.176
0.178
0.176
0.177
0.180
0.175
0.181
0.178
0.177
0.178
0.176
0.178
0.178
0.177
0.176
0.177
0.176
0.179
0.186
0.177
0.177
0.175
0.175
0.177
0.177
0.175
0.180
0.178
0.178
0.178
0.177
0.180
0.177
0.175
0.176
0.179
0.177
0.180
0.179
0.177
0.179
0.176
0.174
0.179
0.180
0.745
0.180
0.176
0.174
0.177
0.176
0.179
0.178
0.177
0.178
0.179
0.178
0.179
0.176
0.177
0.182
0.178
0.180
0.177
0.176
0.178
0.178
0.176
0.180
0.176
0.178
0.178
0.178
0.178
0.182
0.179
0.179
0.177
0.176
0.183
0.193
0.181
0.190
0.199
0.196
0.181
0.184
0.190
0.183
0.186
0.182
0.186
0.182
0.177
0.195
0.183
0.180
0.194
0.178
0.178
0.177
0.179
0.176
0.176
0.180
0.175
0.180
0.176
0.179
0.177
0.179
0.176
0.181
0.177
0.178
0.186
0.178
0.175
0.180
0.177
0.176
0.177
0.177
0.178
0.175
0.177
0.177
0.176
0.177
0.177
0.176
0.177
0.178
0.177
0.180
0.177
0.179
0.177
0.178
0.177
0.179
0.176
0.176
0.176
0.174
0.177
0.179
0.177
0.176
0.180
0.177
0.180
0.179
0.176
0.185
0.182
0.179
0.180
0.180
0.181
0.178
0.178
0.179
0.177
0.179
0.179
0.178
0.177
0.180
0.178
0.178
0.184
0.179
0.179
0.178
0.176
0.179
0.178
0.177
0.180
0.177
0.177
0.183
0.178
0.178
0.187
0.178
0.177
0.178
0.177
0.175
0.177
0.178
0.178
0.176
0.177
0.181
0.178
0.179
0.181
0.178
0.178
0.180
0.176
0.174
0.178
0.180
0.178
0.178
0.179
0.180
0.176
0.176
0.177
0.176
0.178
0.179
0.178
0.178
0.181
0.179
0.177
0.178
0.178
0.180
0.177
0.178
0.180
0.224
0.178
0.178
0.176
0.178
0.176
0.178
0.180
0.176
0.178
0.180
0.176
0.178
0.180
0.177
0.181
0.179
0.179
0.180
0.174
0.175
0.178
0.175
0.174
0.179
0.177
0.175
0.177
0.175
0.178
0.182
0.177
0.177
0.177
0.179
0.182
0.177
0.178
0.178
0.179
0.179
0.183
0.178
0.177
0.179
0.178
0.179
0.175
0.178
0.178
0.176
0.174
0.183
0.179
0.175
0.175
0.176
0.176
0.177
0.177
0.179
0.177
0.176
0.179
0.176
0.178
0.181
0.179
0.178
0.184
0.178
0.178
0.179
0.178
0.180
0.181
0.178
0.181
0.177
0.178
0.181
0.178
0.177
0.178
0.175
0.176
0.179
0.179
0.178
0.186
0.177
0.178
0.176
0.178
0.180
0.175
0.177
0.179
0.176
0.175
0.177
0.177
0.176
0.176
0.177
0.176
0.177
0.176
0.178
0.177
0.176
0.178
0.177
0.177
0.175
0.175
0.176
0.177
0.176
0.175
0.177
0.174
0.176
0.177
0.178
0.182
0.176
0.178
0.180
0.179
0.181
0.180
0.177
0.175
0.177
0.177
0.176
0.177
0.178
0.180
0.176
0.176
0.179
0.177
0.177
0.179
0.178
0.176
0.341
0.181
0.177
0.179
0.176
0.179
0.178
0.177
0.178
0.177
0.178
0.175
0.177
0.178
0.176
0.177
0.178
0.177
0.176
0.177
0.175
0.179
0.179
0.176
0.177
0.176
0.176
0.178
0.176
0.176
0.179
0.176
0.176
0.177
0.177
0.176
0.178
0.179
0.180
0.177
