0.071
0.046
0.043
0.044
0.046
0.047
0.046
0.043
0.045
0.050
0.050
0.042
0.044
0.047
0.044
0.052
0.045
0.047
0.046
0.047
0.048
0.048
0.047
0.047
0.055
0.046
0.054
0.046
0.048
0.044
0.049
0.048
0.054
0.053
0.050
0.047
0.046
0.053
0.049
0.052
0.044
0.045
0.047
0.051
0.048
0.045
0.050
0.046
0.045
0.042
0.047
0.043
0.043
0.044
0.043
0.045
0.048
0.045
0.050
0.044
0.047
0.044
0.044
0.047
0.046
0.045
0.044
0.044
0.048
0.045
0.047
0.046
0.048
0.050
0.046
0.044
0.043
0.045
0.049
0.044
0.049
0.048
0.048
0.046
0.052
0.053
0.058
0.051
0.048
0.046
0.052
0.050
0.049
0.044
0.046
0.047
0.047
0.045
0.046
0.049
0.045
0.044
0.045
0.044
0.049
0.044
0.043
0.048
0.042
0.049
0.044
0.043
0.050
0.044
0.086
0.051
0.046
0.048
0.046
0.047
0.043
0.046
0.048
0.052
0.053
0.053
0.047
0.044
0.048
0.049
0.045
0.042
0.049
0.043
0.046
0.046
0.048
0.045
0.045
0.045
0.045
0.049
0.044
0.045
0.046
0.045
0.046
0.043
0.058
0.051
0.050
0.045
0.054
0.054
0.045
0.047
0.047
0.051
0.047
0.049
0.047
0.044
0.052
0.052
0.047
0.054
0.049
0.046
0.043
0.048
0.043
0.048
0.046
0.045
0.051
0.046
0.048
0.043
0.042
0.045
0.045
0.046
0.042
0.048
0.053
0.045
0.049
0.041
0.045
0.050
0.050
0.046
0.050
0.045
0.059
0.046
0.055
0.047
0.049
0.046
0.044
0.049
0.048
0.048
0.046
0.047
0.048
0.044
0.043
0.047
0.046
0.050
0.048
0.048
0.045
0.047
0.052
0.045
0.043
0.048
0.046
0.042
0.045
0.046
0.048
0.048
0.044
0.046
0.043
0.042
0.051
0.043
0.048
0.045
0.044
0.048
0.045
0.045
0.048
0.050
0.049
0.053
0.046
0.045
0.044
0.046
0.044
0.049
0.044
0.047
0.050
0.046
0.046
0.045
0.048
0.045
0.047
0.054
0.049
0.043
0.044
0.043
0.049
0.050
0.042
0.052
0.048
0.046
0.043
0.048
0.050
0.045
0.046
0.048
0.049
0.046
0.050
0.043
0.053
0.045
0.048
0.046
0.047
0.044
0.044
0.048
0.044
0.049
0.044
0.043
0.044
0.047
0.043
0.045
0.049
0.048
0.046
0.049
0.049
0.046
0.041
0.043
0.045
0.045
0.049
0.047
0.045
0.049
0.048
0.049
0.046
0.045
0.045
0.047
0.044
0.043
0.041
0.043
0.044
0.047
0.043
0.048
0.042
0.045
0.045
0.048
0.045
0.045
0.044
0.044
0.042
0.043
0.044
0.045
0.045
0.043
0.045
0.044
0.045
0.043
0.047
0.044
0.046
0.043
0.046
0.061
0.051
0.051
0.049
0.049
0.051
0.046
0.047
0.050
0.051
0.048
0.056
0.058
0.046
0.051
0.048
0.059
0.057
0.058
0.052
0.045
0.041
0.044
0.049
0.049
0.052
0.052
0.044
0.049
0.049
0.049
0.041
0.048
0.045
0.045
0.042
0.042
0.043
0.044
0.043
0.052
0.041
0.045
0.046
0.043
0.044
0.048
0.045
0.047
0.048
0.047
0.052
0.049
0.046
0.049
0.047
0.046
0.043
0.043
0.049
0.047
0.051
0.043
0.044
0.045
0.047
0.050
0.048
0.049
0.048
0.051
0.044
0.047
0.042
0.044
0.048
0.049
0.042
0.043
0.046
0.050
0.052
0.048
0.043
0.045
0.044
0.045
0.046
0.046
0.051
0.053
0.051
0.044
0.050
0.051
0.046
0.050
0.044
0.045
0.047
0.044
0.042
0.044
0.047
0.045
0.047
0.042
0.042
0.046
0.047
0.044
0.049
0.046
0.045
0.047
0.048
0.050
0.048
0.049
0.043
0.043
0.044
0.046
0.049
0.041
0.048
0.046
0.043
0.046
0.049
0.046
0.048
0.054
0.046
0.049
0.043
0.051
0.043
0.045
0.051
0.049
0.043
0.045
0.047
0.049
0.049
0.045
0.046
0.044
0.045
0.048
0.045
0.054
0.045
0.045
0.043
0.048
0.043
0.044
0.050
0.046
0.058
0.069
0.050
0.043
0.046
0.049
0.045
0.045
0.047
0.043
0.047
0.061
0.053
0.049
0.047
0.053
0.048
0.047
0.047
0.048
0.048
0.046
0.042
0.044
0.047
0.047
0.045
0.045
0.047
0.045
0.049
0.045
0.045
0.044
0.042
0.045
0.045
0.043
0.046
0.047
0.042
0.043
0.045
0.049
0.046
0.045
0.047
0.045
0.047
0.048
0.042
0.047
0.048
0.043
0.048
0.043
0.048
0.045
0.048
0.049
0.044
0.046
0.048
0.049
0.043
0.042
0.047
0.043
0.042
0.050
0.042
0.045
0.045
0.043
0.047
0.041
0.041
0.048
0.045
0.046
0.044
0.041
0.048
0.042
0.041
0.044
0.046
0.044
0.049
0.041
0.053
0.044
0.051
0.043
0.043
0.045
0.046
0.052
0.068
0.064
0.042
0.052
0.046
0.048
0.045
0.044
0.048
0.047
0.045
0.046
0.049
0.042
0.044
0.047
0.043
0.044
0.046
0.041
0.047
0.043
0.042
0.044
0.044
0.045
0.049
0.041
0.043
0.045
0.040
0.049
0.041
0.042
0.048
0.049
0.046
0.042
0.042
0.043
0.042
0.050
0.045
0.045
0.050
0.045
0.051
0.043
0.044
0.045
0.044
0.051
0.053
0.045
0.047
0.049
0.048
0.049
0.056
0.047
0.049
0.046
0.048
0.044
0.045
0.044
0.042
0.046
0.053
0.047
0.053
0.046
0.045
0.049
0.047
0.055
0.045
0.051
0.049
0.047
0.049
0.043
